
legend=1
Execution time with different number of answers | result3 | le tabac c'est tabou

Nb answers-Time(s)
0, 50, 100, 150, 200, 250, 300
0.03, 0.03, 0.03, 0.03, 0.03, 0.03, 0.03
Q1 - fo
0, 50, 100, 150, 200, 250, 300
0.03, 2.62, 5.21, 7.78, 10.27, 13.09, 15.58
Q1 - gt
0, 50, 100, 150, 200, 250, 300
3.20, 3.19, 3.19, 3.13, 3.11, 3.13, 3.13
Q2 - fo
0, 50, 100, 150, 200, 250, 300
0.03, 3.01, 5.42, 8.02, 10.63, 13.39, 16.02
Q2 - gt
0, 50, 100, 150, 200, 250, 300
1.02, 1.01, 0.93, 0.79, 0.75, 0.97, 1.03
Q3 - fo
0, 50, 100, 150, 200, 250, 300
0.02, 2.67, 5.51, 7.97, 10.69, 13.57, 16.95
Q3 - gt
0, 50, 100, 150, 200, 250, 300
1.04, 1.02, 0.94, 0.93, 0.81, 1.03, 1.10
Q4 - fo
0, 50, 100, 150, 200, 250, 300
0.03, 2.56, 5.32, 7.73, 10.35, 13.13, 16.33
Q4 - gt
0, 50, 100, 150, 200, 250, 300
0.03, 0.03, 0.03, 0.03, 0.03, 0.03, 0.03
Q5 - fo
0, 50, 100, 150, 200, 250, 300
0.03, 2.82, 5.53, 8.26, 11.01, 13.84, 16.60
Q5 - gt
0, 50, 100, 150, 200, 250, 300
0.03, 0.03, 0.03, 0.03, 0.03, 0.03, 0.03
Q6 - fo
0, 50, 100, 150, 200, 250, 300
0.03, 2.80, 5.52, 8.34, 10.92, 13.68, 16.88
Q6 - gt
0, 50, 100, 150, 200, 250, 300
0.03, 0.03, 0.03, 0.03, 0.03, 0.03, 0.03
Q7 - fo
0, 50, 100, 150, 200, 250, 300
0.03, 2.80, 5.93, 8.39, 10.96, 13.66, 16.90
Q7 - gt
---
