
legend=1
Time in function of percentage of consistant variables | result4 | le tabac c'est tabou

Percentage consistant variables-Time(s)
0, 20, 40, 60, 80, 100
0.03, 0.03, 0.03, 0.03, 0.03, 0.03
Q1 - fo
0, 20, 40, 60, 80, 100
5.48, 5.60, 5.45, 5.29, 5.21, 5.10
Q1 - gt
0, 20, 40, 60, 80, 100
3.18, 3.14, 3.46, 3.16, 3.58, 3.18
Q2 - fo
0, 20, 40, 60, 80, 100
5.58, 5.99, 5.50, 5.40, 5.39, 5.26
Q2 - gt
0, 20, 40, 60, 80, 100
1.03, 1.02, 1.01, 1.01, 0.91, 0.92
Q3 - fo
0, 20, 40, 60, 80, 100
5.62, 5.82, 5.54, 5.50, 5.46, 5.31
Q3 - gt
0, 20, 40, 60, 80, 100
1.05, 1.05, 1.07, 1.03, 0.95, 0.94
Q4 - fo
0, 20, 40, 60, 80, 100
5.45, 5.95, 5.39, 5.34, 5.41, 5.06
Q4 - gt
0, 20, 40, 60, 80, 100
0.03, 0.03, 0.03, 0.03, 0.03, 0.03
Q5 - fo
0, 20, 40, 60, 80, 100
5.78, 5.82, 5.70, 5.59, 5.62, 5.43
Q5 - gt
0, 20, 40, 60, 80, 100
0.03, 0.03, 0.03, 0.03, 0.03, 0.03
Q6 - fo
0, 20, 40, 60, 80, 100
6.15, 5.87, 5.75, 5.67, 5.57, 5.44
Q6 - gt
0, 20, 40, 60, 80, 100
0.03, 0.03, 0.03, 0.03, 0.03, 0.03
Q7 - fo
0, 20, 40, 60, 80, 100
7.68, 6.64, 5.81, 5.67, 5.60, 5.43
Q7 - gt
---
